-1 -0.6508 0.1097 4.0009 -1.0000
-1 -1.4492 0.8896 4.4005 -1.0000
-1 2.0850 0.6876 12.0710 -1.0000
-1 0.2626 1.1476 7.7985 1.0000
-1 0.6418 1.0234 7.0427 1.0000
-1 0.2569 0.6730 8.3265 -1.0000
-1 1.1155 0.6043 7.4446 1.0000
-1 0.0914 0.3399 7.0677 -1.0000
-1 0.0121 0.5256 4.6316 1.0000
-1 -0.0429 0.4660 5.4323 1.0000
-1 0.4340 0.6870 8.2287 -1.0000
-1 0.2735 1.0287 7.1934 1.0000
-1 0.4839 0.4851 7.4850 -1.0000
-1 0.4089 -0.1267 5.5019 -1.0000
-1 1.4391 0.1614 8.5843 -1.0000
-1 -0.9115 -0.1973 2.1962 -1.0000
-1 0.3654 1.0475 7.4858 1.0000
-1 0.2144 0.7515 7.1699 1.0000
-1 0.2013 1.0014 6.5489 1.0000
-1 0.6483 0.2183 5.8991 1.0000